0.000000000000000000e+00
0.000000000000000000e+00
0.000000000000000000e+00
0.000000000000000000e+00
0.000000000000000000e+00
0.000000000000000000e+00
0.000000000000000000e+00
0.000000000000000000e+00
0.000000000000000000e+00
0.000000000000000000e+00
-9.601661954111672531e-03
-5.469200457082840777e-03
-4.180180136528761740e-03
-2.238738378880425831e-03
1.281514939818710738e-04
-1.522252469008591926e-03
4.393605003830014510e-03
-2.654456760293225429e-03
9.728837197937741446e-03
-6.269282656364351912e-03
-1.919925852449177670e-02
-1.282953497955267343e-02
-9.170361910264717906e-03
-1.008596425207947990e-02
2.225352707192697517e-04
-9.360410431655566757e-03
9.547979666404660462e-03
-1.087536005090008681e-02
1.935453706375805244e-02
-1.426135856965896065e-02
-2.876666045511582642e-02
-2.493203891935447808e-02
-1.404821523520092055e-02
-2.250176634871879286e-02
1.282250602643861324e-04
-2.212969963102422513e-02
1.419465622485159388e-02
-2.373308391498509667e-02
2.854108801093352410e-02
-2.726564940118891833e-02
-3.831136841556631589e-02
-4.151298851046901495e-02
-1.899827356224945141e-02
-3.950867488287070767e-02
-2.546857152969358236e-04
-3.945649285564640368e-02
1.833811392833594248e-02
-4.131201711561944406e-02
3.717037437395920990e-02
-4.502029944891375313e-02
-4.786262142424153182e-02
-6.243496142112354291e-02
-2.413353963842042316e-02
-6.090554160814860840e-02
-1.001014785094955784e-03
-6.124409208237146379e-02
2.194971871897342247e-02
-6.341337215869531641e-02
4.511194196394224115e-02
-6.738086238920548698e-02
-5.748530129650109011e-02
-8.752773745738950950e-02
-2.951912187659098616e-02
-8.653351305119921788e-02
-2.171192007453793833e-03
-8.732033369845416948e-02
2.497050909728479665e-02
-8.986594734767140713e-02
5.230095236220319577e-02
-9.414909943689882266e-02
-6.723441598026148880e-02
-1.166374248363868799e-01
-3.520807439281011669e-02
-1.162282150082608739e-01
-3.817451786962721902e-03
-1.175153111154946250e-01
2.734738189546422754e-02
-1.204884168199059913e-01
5.868100033912451025e-02
-1.251380911901202042e-01
-7.715666390625286475e-02
-1.496088842853858791e-01
-4.124571654366283868e-02
-1.498269411456653877e-01
-5.984421838282712527e-03
-1.516573499091584953e-01
2.903518811503590091e-02
-1.551012483057209179e-01
6.420660681128564917e-02
-1.601599494362327958e-01
-8.729076443550749798e-02
-1.862869653028782491e-01
-4.766994775185513789e-02
-1.871666213303835313e-01
-8.709357812281902367e-03
-1.895755425431796259e-01
2.999687340897252280e-02
-1.935256177741084549e-01
6.884080161082584137e-02
-1.990284075018287913e-01
-9.766824735141182989e-02
-2.265162078607796114e-01
-5.451142605253848916e-02
-2.280843769150096567e-01
-1.202218929417576444e-02
-2.310995778341046192e-01
3.020302390667537959e-02
-2.355838942838071881e-01
7.255462447299855511e-02
-2.415586222963657104e-01
-1.083138535769764127e-01
-2.701411749324622025e-01
-6.179386238949080568e-02
-2.724177194006814351e-01
-1.594576601182385103e-02
-2.760599802766122157e-01
2.963150736089269904e-02
-2.810996772068746208e-01
7.532656359490683129e-02
-2.875673558587008571e-01
-1.192458670273530974e-01
-3.170066393818640194e-01
-6.953435457157350341e-02
-3.200047596776185999e-01
-2.049618433836536066e-02
-3.242882508268672970e-01
2.826708805742746133e-02
-3.298979164763365945e-01
7.714213545875908684e-02
-3.368730640625107742e-01
-1.304764204902368607e-01
-3.669577367218962438e-01
-7.774372581971832064e-02
-3.706843481721809330e-01
-2.568314572234261725e-02
-3.756169950884318265e-01
2.610104075432942428e-02
-3.818050189510294734e-01
7.799347574450950227e-02
-3.892960030774217928e-01
-1.420118003540672136e-01
-4.198400770988269803e-01
-8.642686066251697996e-02
-4.242961810896486718e-01
-3.151031791866576448e-02
-4.298800221086088169e-01
2.313076638914254163e-02
-4.366489421102883739e-01
7.787893689615479897e-02
-4.446583186240784524e-01
-1.538527518824579221e-01
-4.754998310759341318e-01
-9.558303673011299406e-02
-4.806808797443185011e-01
-3.797569152012268690e-02
-4.869124194109409332e-01
1.935941371987333001e-02
-4.942592653467536845e-01
7.680268948771241944e-02
-5.027841138933686338e-01
-1.659947838306066736e-01
-5.337837932294479115e-01
-1.052062523351853102e-01
-5.396800478784602451e-01
-4.507193014680566795e-02
-5.465506054665087987e-01
1.479550795438125226e-02
-5.544672384613360538e-01
7.477433025923041487e-02
-5.634994939360787880e-01
-1.784284709588903062e-01
-5.945394258832934486e-01
-1.152855496295567966e-01
-6.011363087884673551e-01
-5.278671423573540189e-02
-6.086323613156188195e-01
9.452586878419370897e-03
-6.171058084703788804e-01
7.180849837464120533e-02
-6.266325878648538739e-01
-1.911397535831431682e-01
-6.576148842700725305e-01
-1.258053330517502899e-01
-6.648933235939736841e-01
-6.110307841914787430e-02
-6.729968428198619401e-01
3.348844728023774638e-03
-6.820096264821645660e-01
6.792450067858481211e-02
-6.920135507174267619e-01
-2.041102336953665441e-01
-7.228590242696120161e-01
-1.367456828071809960e-01
-7.307957918904741668e-01
-6.999974240846364160e-02
-7.394845750156819886e-01
-3.493216041386427648e-03
-7.490150363584655580e-01
6.314594622159144799e-02
-7.594745468530329502e-01
-2.173174674146776397e-01
-7.901213938684868987e-01
-1.480826632154325917e-01
-7.986894360513854263e-01
-7.945143530937685827e-02
-8.079374300001024300e-01
-1.104712503142024453e-02
-8.179600467709012834e-01
5.750039009460786166e-02
-8.288497166179098485e-01
-2.307352536634849627e-01
-8.592522094929279097e-01
-1.597886258672773785e-01
-8.684209704454252110e-01
-8.942921336845578717e-02
-8.781985897356595627e-01
-1.928277626350542381e-02
-8.886842881637901925e-01
5.101898648371770012e-02
-8.999751279011176663e-01
-2.443339190634328806e-01
-9.301023183610408473e-01
-1.718325076381946592e-01
-9.398380568108811728e-01
-9.990077125119986579e-02
-9.501124951124709783e-01
-2.816675276682582482e-02
-9.610289560547978782e-01
4.373615076418530673e-02
-9.726887141149080929e-01
-2.580805991112878339e-01
-1.002523147967528061e+00
-1.841801237043073913e-01
-1.012789246999495907e+00
-1.108307470524006605e-01
-1.023524782541609390e+00
-3.766264362645620201e-02
-1.034836742047786640e+00
3.568923038150543375e-02
-1.046830200054600146e+00
-2.719395157807032448e-01
-1.076366643820851898e+00
-1.967944557679821849e-01
-1.087123914192187568e+00
-1.221810213470300305e-01
-1.098282209346943761e+00
-4.773135381173678610e-02
-1.109951753846843969e+00
2.691818422125262164e-02
-1.122241017145632735e+00
-2.858722514662925818e-01
-1.151485196197307381e+00
-2.096359358956853547e-01
-1.162692173765550674e+00
-1.339110105061172284e-01
-1.174232568834380430e+00
-5.833140720096189474e-02
-1.186219425889799117e+00
1.746527000433851368e-02
-1.198764209360473787e+00
-2.998380201467770734e-01
-1.227731558131625933e+00
-2.226627262760787762e-01
-1.239344793135130907e+00
-1.459779545321845118e-01
-1.251224596800501798e+00
-6.941924245610371635e-02
-1.263486421274926386e+00
7.374738630141712721e-03
-1.276244333336404857e+00
-3.137939280861192226e-01
-1.304958747754186632e+00
-2.358309997063125774e-01
-1.316933094769009216e+00
-1.583371962355652474e-01
-1.329107863528694367e+00
-8.094950050546644016e-02
-1.341600533417546481e+00
-3.307469430215786987e-03
-1.354527344116814858e+00
-3.276952455441209944e-01
-1.383019940207667053e+00
-2.490951959597035581e-01
-1.395308823554910926e+00
-1.709424687694715284e-01
-1.407732712908590589e+00
-9.287530563042613319e-02
-1.420410551939672139e+00
-1.453401829845590680e-02
-1.433460482483307485e+00
-3.414956258246458765e-01
-1.461767922965039768e+00
-2.624080794251151261e-01
-1.474324234663953792e+00
-1.837462372196259630e-01
-1.486950393493182698e+00
-1.051488246591774089e-01
-1.499766184103917377e+00
-2.625627469578733358e-02
-1.512891767327234183e+00
-3.551494306375168608e-01
-1.541054322158354140e+00
-2.757185761932279267e-01
-1.553832475085251019e+00
-1.967008875968663528e-01
-1.566615731564702241e+00
-1.177237478836898610e-01
-1.579516813790075247e+00
-3.842259402669204182e-02
-1.592670506041781175e+00
-3.686200239106506293e-01
-1.620730955009835883e+00
-2.889677582082064156e-01
-1.633695294962518973e+00
-2.097576787276343446e-01
-1.646583059936817639e+00
-1.305636698828931686e-01
-1.659514811677711643e+00
-5.097305990952949450e-02
-1.672652779472827866e+00
-3.819162040681484682e-01
-1.700788543371412720e+00
-3.021511002475730789e-01
-1.713751832214321702e+00
-2.228311439317723353e-01
-1.726597972084351840e+00
-1.435741643789296695e-01
-1.739627385237439761e+00
-6.389421318297565378e-02
-1.752833416688256651e+00
